4-12-13,25025110502,25025091800,25025090700,25025110103,25025070700,25025051000,25025030100,25025020301
4-13-13,25025980700,25025060600,25025071201,25025090300,25025081700,25025110201,25025030400 
4-14-13,25025010600,25025100200,25025091300,25025091300,25025000301,25025050901
4-15-13,25025010600,25025010701,25025010702,25025091400,25025092300,25025060200,25025100500,25025020301,25025000703,25025091700,25025070300,2502507090
4-16-13,25025110502,25025110501,25025080601,25025030300,25025030100,25025010403
4-17-13,25025120500,25025981100,25025110103,25025030300
4-18-13,25025010405,25025010103,25025040801,25025070800,25025070200,25025070101,25025040600
4-19-13,25025100200,25025071201,25025090300,25025040401,25025061200
4-20-13,25025060200,25025100603,25025020303,25025081300,25025030300,25025091300,25025061200
4-21-13,25025130402,25025120105,25025120301,25025110103,25025080401
4-22-13,25025030300,25025082000,25025110601,25025100400,25025110201