4-12-13,25025091500,25025110301,25025000601,25025000202
4-13-13,25025110401,25025091500,25025090200,25025110103,25025010408,25025080801,25025030300,25025020302
4-14-13,25025130200,25025140105,25025120103,25025040401,25025010403
4-15-13,25025000703,25025000504,25025000704,25025092300,25025091900,25025081800,25025010500,25025000802,25025000402, 25025081001,25025051200
4-16-13,25025091800,25025071201,25025080801,25025040301
4-17-13,25025120500,25025091900,25025140106,25025071101,25025070300,25025040200,25025020301
4-18-13,25025081700,25025000802
4-19-13,25025130300,25025110401,25025100300,25025091200,25025130404,25025060800
4-20-13,25025092300,25025120105,25025090600,25025010203,25025110103,25025080801,25025120103,25025060200,25025030100
4-21-13,25025120201,25025140400,25025100100,25025140105,25025071201,25025091400,25025090100,25025082000,25025081300, 25025070300,25025000100
4-22-13,25025980300,25025120700,25025100900,25025091200,25025071101,25025070101