4-12-13,25025061200,25025070700,25025091400,25025061101,25025100500,25025000601,25025140201,25025090100
4-13-13,25025980700,25025981800,25025981300,25025980300,25025071201,25025010701,25025070101,25025091500,25025030300, 25025030200,25025070402
4-14-13,25025050300,25025070101,25025030200,25025092300,25025040100,25025081200,25025020301,25025040200
4-15-13,25025010701,25025010702,25025010600,25025070101,25025101001,25025092400,25025100800,25025140107,25025082000
4-16-13,25025070101,25025010702,25025080401,25025060600,25025010701,25025091600,25025091300,25025120301
4-17-13,25025010702,25025060600,25025080401,25025071201,25025981100,25025071101
4-18-13,25025030300,25025070101,25025010701,25025071101,25025061200,25025091001,25025092400,25025100603,25025010403, 25025050300
4-19-13,25025010702,25025070101,25025090600,25025040600,25025092200,25025061200,25025081800,25025090400,25025000701, 25025120500,25025091600,25025000100,25025090700,25025120301,25025090300,25025050300,25025091700
4-20-13,25025981300,25025070101,25025081800,25025050400,25025101001
4-21-13,25025010701,25025060600,25025092400,25025030300,25025120700,25025100800,25025010500,25025101101
4-22-13,25025070101,25025010702,25025980300,25025030300