4-12-13,25025092300,25025090100,25025120500,25025070700,25025140107,25025070200
4-13-13,25025090600,25025061101,25025010500,25025050901,25025070402
4-14-13,25025090200,25025091400,25025091500,25025040401
4-15-13,25025061200,25025081700,25025091900,25025081100,25025100700,25025130100,25025091200,25025081001
4-16-13,25025010103,25025980300,25025071201,25025040801,25025010203,25025060101
4-17-13,25025140107,25025100100,25025091800
4-18-13,25025091600,25025071201,25025120104,25025070800,25025130406
4-19-13,25025000504,25025100300,25025081900,25025010701,25025081100,25025061200,25025060700,25025040200
4-20-13,25025091900,25025070700,25025081800,25025081700,25025091200,25025081300,25025040300
4-21-13,25025090200,25025080100,25025070101,25025000601,25025091400,25025100900
4-22-13,25025130300,25025120105,25025071201,25025090400,25025070700,25025000601